186
356
137
413
191
494
67
167
180
171
176
203
116
7
440
386
229
402
275
202
97
334
280
256
19
364
390
80
269
46
469
445
382
130
25
93
127
423
246
291
12
404
473
216
35
417
112
296
327
355
30
400
201
264
173
370
139
73
421
367
92
393
317
422
484
192
477
2
123
241
375
196
154
351
360
24
276
37
436
117
289
408
31
430
189
142
310
28
160
238
147
65
141
15
122
33
101
104
198
156
268
64
18
346
347
90
465
60
470
407
179
102
323
132
213
63
187
115
209
257
182
53
353
230
161
380
265
169
389
359
225
10
103
387
17
207
427
372
69
51
287
307
195
483
48
288
412
394
219
497
172
279
281
133
379
62
151
165
358
110
125
446
223
240
344
472
309
278
49
405
190
491
231
138
66
56
70
397
305
442
396
328
54
197
227
449
348
341
457
221
362
349
143
419
58
342
395
249
82
126
466
464
260
162
68
242
83
414
444
23
170
57
391
45
366
431
6
150
27
336
263
447
480
251
131
410
44
283
458
338
345
428
308
399
448
21
434
226
259
385
206
398
254
333
326
61
274
468
109
40
29
84
47
107
42
432
474
43
91
437
471
113
224
302
495
331
245
89
106
135
16
41
244
211
485
401
258
140
374
134
371
14
158
411
489
148
354
200
439
85
146
415
193
178
451
416
365
74
34
337
487
425
455
299
493
443
185
479
454
218
8
164
481
463
188
157
324
235
98
314
32
22
237
492
384
20
194
124
403
253
329
105
295
159
301
290
86
316
177
297
87
75
212
111
441
357
88
450
13
488
39
217
320
108
77
236
4
361
392
409
486
377
313
418
94
271
76
153
208
175
406
204
72
234
426
461
459
220
79
482
11
476
0
315
453
214
378
318
339
294
388
381
100
228
340
293
490
252
460
373
163
284
232
438
128
121
184
322
462
261
55
155
215
129
304
96
78
267
59
429
350
181
199
120
300
433
496
222
311
50
363
52
210
420
285
149
312
5
369
319
286
306
292
475
118
277
272
1
332
38
36
205
352
250
435
343
99
325
330
335
478
321
273
456
233
376
452
270
136
243
81
303
166
499
282
183
298
71
3
266
424
152
168
368
247
9
95
262
174
145
248
498
114
467
383
119
255
239
144
26

